depth[m]	temp[K]
0.000000e+00	0.000000e+00
-9.775171e-01	0.000000e+00
-1.955034e+00	0.000000e+00
-2.932551e+00	0.000000e+00
-3.910068e+00	0.000000e+00
-4.887586e+00	0.000000e+00
-5.865103e+00	0.000000e+00
-6.842620e+00	0.000000e+00
-7.820137e+00	0.000000e+00
-8.797654e+00	0.000000e+00
-9.775171e+00	0.000000e+00
-1.075269e+01	0.000000e+00
-1.173021e+01	0.000000e+00
-1.270772e+01	0.000000e+00
-1.368524e+01	0.000000e+00
-1.466276e+01	0.000000e+00
-1.564027e+01	0.000000e+00
-1.661779e+01	0.000000e+00
-1.759531e+01	0.000000e+00
-1.857283e+01	0.000000e+00
-1.955034e+01	0.000000e+00
-2.052786e+01	0.000000e+00
-2.150538e+01	0.000000e+00
-2.248289e+01	0.000000e+00
-2.346041e+01	0.000000e+00
-2.443793e+01	0.000000e+00
-2.541544e+01	0.000000e+00
-2.639296e+01	0.000000e+00
-2.737048e+01	0.000000e+00
-2.834800e+01	0.000000e+00
-2.932551e+01	0.000000e+00
-3.030303e+01	0.000000e+00
-3.128055e+01	0.000000e+00
-3.225806e+01	0.000000e+00
-3.323558e+01	0.000000e+00
-3.421310e+01	0.000000e+00
-3.519062e+01	0.000000e+00
-3.616813e+01	0.000000e+00
-3.714565e+01	0.000000e+00
-3.812317e+01	0.000000e+00
-3.910068e+01	0.000000e+00
-4.007820e+01	0.000000e+00
-4.105572e+01	0.000000e+00
-4.203324e+01	0.000000e+00
-4.301075e+01	0.000000e+00
-4.398827e+01	0.000000e+00
-4.496579e+01	0.000000e+00
-4.594330e+01	0.000000e+00
-4.692082e+01	0.000000e+00
-4.789834e+01	0.000000e+00
-4.887586e+01	0.000000e+00
-4.985337e+01	0.000000e+00
-5.083089e+01	0.000000e+00
-5.180841e+01	0.000000e+00
-5.278592e+01	0.000000e+00
-5.376344e+01	0.000000e+00
-5.474096e+01	0.000000e+00
-5.571848e+01	0.000000e+00
-5.669599e+01	0.000000e+00
-5.767351e+01	0.000000e+00
-5.865103e+01	0.000000e+00
-5.962854e+01	0.000000e+00
-6.060606e+01	0.000000e+00
-6.158358e+01	0.000000e+00
-6.256109e+01	0.000000e+00
-6.353861e+01	0.000000e+00
-6.451613e+01	0.000000e+00
-6.549365e+01	0.000000e+00
-6.647116e+01	0.000000e+00
-6.744868e+01	0.000000e+00
-6.842620e+01	0.000000e+00
-6.940371e+01	0.000000e+00
-7.038123e+01	0.000000e+00
-7.135875e+01	0.000000e+00
-7.233627e+01	0.000000e+00
-7.331378e+01	0.000000e+00
-7.429130e+01	0.000000e+00
-7.526882e+01	0.000000e+00
-7.624633e+01	0.000000e+00
-7.722385e+01	0.000000e+00
-7.820137e+01	0.000000e+00
-7.917889e+01	0.000000e+00
-8.015640e+01	0.000000e+00
-8.113392e+01	0.000000e+00
-8.211144e+01	0.000000e+00
-8.308895e+01	0.000000e+00
-8.406647e+01	0.000000e+00
-8.504399e+01	0.000000e+00
-8.602151e+01	0.000000e+00
-8.699902e+01	0.000000e+00
-8.797654e+01	0.000000e+00
-8.895406e+01	0.000000e+00
-8.993157e+01	0.000000e+00
-9.090909e+01	0.000000e+00
-9.188661e+01	0.000000e+00
-9.286413e+01	0.000000e+00
-9.384164e+01	0.000000e+00
-9.481916e+01	0.000000e+00
-9.579668e+01	0.000000e+00
-9.677419e+01	0.000000e+00
-9.775171e+01	0.000000e+00
-9.872923e+01	0.000000e+00
-9.970674e+01	0.000000e+00
-1.006843e+02	0.000000e+00
-1.016618e+02	0.000000e+00
-1.026393e+02	0.000000e+00
-1.036168e+02	0.000000e+00
-1.045943e+02	0.000000e+00
-1.055718e+02	0.000000e+00
-1.065494e+02	0.000000e+00
-1.075269e+02	0.000000e+00
-1.085044e+02	0.000000e+00
-1.094819e+02	0.000000e+00
-1.104594e+02	0.000000e+00
-1.114370e+02	0.000000e+00
-1.124145e+02	0.000000e+00
-1.133920e+02	0.000000e+00
-1.143695e+02	0.000000e+00
-1.153470e+02	0.000000e+00
-1.163245e+02	0.000000e+00
-1.173021e+02	0.000000e+00
-1.182796e+02	0.000000e+00
-1.192571e+02	0.000000e+00
-1.202346e+02	0.000000e+00
-1.212121e+02	0.000000e+00
-1.221896e+02	0.000000e+00
-1.231672e+02	0.000000e+00
-1.241447e+02	0.000000e+00
-1.251222e+02	0.000000e+00
-1.260997e+02	0.000000e+00
-1.270772e+02	0.000000e+00
-1.280547e+02	0.000000e+00
-1.290323e+02	0.000000e+00
-1.300098e+02	0.000000e+00
-1.309873e+02	0.000000e+00
-1.319648e+02	0.000000e+00
-1.329423e+02	0.000000e+00
-1.339198e+02	0.000000e+00
-1.348974e+02	0.000000e+00
-1.358749e+02	0.000000e+00
-1.368524e+02	0.000000e+00
-1.378299e+02	0.000000e+00
-1.388074e+02	0.000000e+00
-1.397849e+02	0.000000e+00
-1.407625e+02	0.000000e+00
-1.417400e+02	0.000000e+00
-1.427175e+02	0.000000e+00
-1.436950e+02	0.000000e+00
-1.446725e+02	0.000000e+00
-1.456500e+02	0.000000e+00
-1.466276e+02	0.000000e+00
-1.476051e+02	0.000000e+00
-1.485826e+02	0.000000e+00
-1.495601e+02	0.000000e+00
-1.505376e+02	0.000000e+00
-1.515152e+02	0.000000e+00
-1.524927e+02	0.000000e+00
-1.534702e+02	0.000000e+00
-1.544477e+02	0.000000e+00
-1.554252e+02	0.000000e+00
-1.564027e+02	0.000000e+00
-1.573803e+02	0.000000e+00
-1.583578e+02	0.000000e+00
-1.593353e+02	0.000000e+00
-1.603128e+02	0.000000e+00
-1.612903e+02	0.000000e+00
-1.622678e+02	0.000000e+00
-1.632454e+02	0.000000e+00
-1.642229e+02	0.000000e+00
-1.652004e+02	0.000000e+00
-1.661779e+02	0.000000e+00
-1.671554e+02	0.000000e+00
-1.681329e+02	0.000000e+00
-1.691105e+02	0.000000e+00
-1.700880e+02	0.000000e+00
-1.710655e+02	0.000000e+00
-1.720430e+02	0.000000e+00
-1.730205e+02	0.000000e+00
-1.739980e+02	0.000000e+00
-1.749756e+02	0.000000e+00
-1.759531e+02	0.000000e+00
-1.769306e+02	0.000000e+00
-1.779081e+02	0.000000e+00
-1.788856e+02	0.000000e+00
-1.798631e+02	0.000000e+00
-1.808407e+02	0.000000e+00
-1.818182e+02	0.000000e+00
-1.827957e+02	0.000000e+00
-1.837732e+02	0.000000e+00
-1.847507e+02	0.000000e+00
-1.857283e+02	0.000000e+00
-1.867058e+02	0.000000e+00
-1.876833e+02	0.000000e+00
-1.886608e+02	0.000000e+00
-1.896383e+02	0.000000e+00
-1.906158e+02	0.000000e+00
-1.915934e+02	0.000000e+00
-1.925709e+02	0.000000e+00
-1.935484e+02	0.000000e+00
-1.945259e+02	0.000000e+00
-1.955034e+02	0.000000e+00
-1.964809e+02	0.000000e+00
-1.974585e+02	0.000000e+00
-1.984360e+02	0.000000e+00
-1.994135e+02	0.000000e+00
-2.003910e+02	0.000000e+00
-2.013685e+02	0.000000e+00
-2.023460e+02	0.000000e+00
-2.033236e+02	0.000000e+00
-2.043011e+02	0.000000e+00
-2.052786e+02	0.000000e+00
-2.062561e+02	0.000000e+00
-2.072336e+02	0.000000e+00
-2.082111e+02	0.000000e+00
-2.091887e+02	0.000000e+00
-2.101662e+02	0.000000e+00
-2.111437e+02	0.000000e+00
-2.121212e+02	0.000000e+00
-2.130987e+02	0.000000e+00
-2.140762e+02	0.000000e+00
-2.150538e+02	0.000000e+00
-2.160313e+02	0.000000e+00
-2.170088e+02	0.000000e+00
-2.179863e+02	0.000000e+00
-2.189638e+02	0.000000e+00
-2.199413e+02	0.000000e+00
-2.209189e+02	0.000000e+00
-2.218964e+02	0.000000e+00
-2.228739e+02	0.000000e+00
-2.238514e+02	0.000000e+00
-2.248289e+02	0.000000e+00
-2.258065e+02	0.000000e+00
-2.267840e+02	0.000000e+00
-2.277615e+02	0.000000e+00
-2.287390e+02	0.000000e+00
-2.297165e+02	0.000000e+00
-2.306940e+02	0.000000e+00
-2.316716e+02	0.000000e+00
-2.326491e+02	0.000000e+00
-2.336266e+02	0.000000e+00
-2.346041e+02	0.000000e+00
-2.355816e+02	0.000000e+00
-2.365591e+02	0.000000e+00
-2.375367e+02	0.000000e+00
-2.385142e+02	0.000000e+00
-2.394917e+02	0.000000e+00
-2.404692e+02	0.000000e+00
-2.414467e+02	0.000000e+00
-2.424242e+02	0.000000e+00
-2.434018e+02	0.000000e+00
-2.443793e+02	0.000000e+00
-2.453568e+02	0.000000e+00
-2.463343e+02	0.000000e+00
-2.473118e+02	0.000000e+00
-2.482893e+02	0.000000e+00
-2.492669e+02	0.000000e+00
-2.502444e+02	0.000000e+00
-2.512219e+02	0.000000e+00
-2.521994e+02	0.000000e+00
-2.531769e+02	0.000000e+00
-2.541544e+02	0.000000e+00
-2.551320e+02	0.000000e+00
-2.561095e+02	0.000000e+00
-2.570870e+02	0.000000e+00
-2.580645e+02	0.000000e+00
-2.590420e+02	0.000000e+00
-2.600196e+02	0.000000e+00
-2.609971e+02	0.000000e+00
-2.619746e+02	0.000000e+00
-2.629521e+02	0.000000e+00
-2.639296e+02	0.000000e+00
-2.649071e+02	0.000000e+00
-2.658847e+02	0.000000e+00
-2.668622e+02	0.000000e+00
-2.678397e+02	0.000000e+00
-2.688172e+02	0.000000e+00
-2.697947e+02	0.000000e+00
-2.707722e+02	0.000000e+00
-2.717498e+02	0.000000e+00
-2.727273e+02	0.000000e+00
-2.737048e+02	0.000000e+00
-2.746823e+02	0.000000e+00
-2.756598e+02	0.000000e+00
-2.766373e+02	0.000000e+00
-2.776149e+02	0.000000e+00
-2.785924e+02	0.000000e+00
-2.795699e+02	0.000000e+00
-2.805474e+02	0.000000e+00
-2.815249e+02	0.000000e+00
-2.825024e+02	0.000000e+00
-2.834800e+02	0.000000e+00
-2.844575e+02	0.000000e+00
-2.854350e+02	0.000000e+00
-2.864125e+02	0.000000e+00
-2.873900e+02	0.000000e+00
-2.883675e+02	0.000000e+00
-2.893451e+02	0.000000e+00
-2.903226e+02	0.000000e+00
-2.913001e+02	0.000000e+00
-2.922776e+02	0.000000e+00
-2.932551e+02	0.000000e+00
-2.942326e+02	0.000000e+00
-2.952102e+02	0.000000e+00
-2.961877e+02	0.000000e+00
-2.971652e+02	0.000000e+00
-2.981427e+02	0.000000e+00
-2.991202e+02	0.000000e+00
-3.000978e+02	0.000000e+00
-3.010753e+02	0.000000e+00
-3.020528e+02	0.000000e+00
-3.030303e+02	0.000000e+00
-3.040078e+02	0.000000e+00
-3.049853e+02	0.000000e+00
-3.059629e+02	0.000000e+00
-3.069404e+02	0.000000e+00
-3.079179e+02	0.000000e+00
-3.088954e+02	0.000000e+00
-3.098729e+02	0.000000e+00
-3.108504e+02	0.000000e+00
-3.118280e+02	0.000000e+00
-3.128055e+02	0.000000e+00
-3.137830e+02	0.000000e+00
-3.147605e+02	0.000000e+00
-3.157380e+02	0.000000e+00
-3.167155e+02	0.000000e+00
-3.176931e+02	0.000000e+00
-3.186706e+02	0.000000e+00
-3.196481e+02	0.000000e+00
-3.206256e+02	0.000000e+00
-3.216031e+02	0.000000e+00
-3.225806e+02	0.000000e+00
-3.235582e+02	0.000000e+00
-3.245357e+02	0.000000e+00
-3.255132e+02	0.000000e+00
-3.264907e+02	0.000000e+00
-3.274682e+02	0.000000e+00
-3.284457e+02	0.000000e+00
-3.294233e+02	0.000000e+00
-3.304008e+02	0.000000e+00
-3.313783e+02	0.000000e+00
-3.323558e+02	0.000000e+00
-3.333333e+02	0.000000e+00
-3.343109e+02	0.000000e+00
-3.352884e+02	0.000000e+00
-3.362659e+02	0.000000e+00
-3.372434e+02	0.000000e+00
-3.382209e+02	0.000000e+00
-3.391984e+02	0.000000e+00
-3.401760e+02	0.000000e+00
-3.411535e+02	0.000000e+00
-3.421310e+02	0.000000e+00
-3.431085e+02	0.000000e+00
-3.440860e+02	0.000000e+00
-3.450635e+02	0.000000e+00
-3.460411e+02	0.000000e+00
-3.470186e+02	0.000000e+00
-3.479961e+02	0.000000e+00
-3.489736e+02	0.000000e+00
-3.499511e+02	0.000000e+00
-3.509286e+02	0.000000e+00
-3.519062e+02	0.000000e+00
-3.528837e+02	0.000000e+00
-3.538612e+02	0.000000e+00
-3.548387e+02	0.000000e+00
-3.558162e+02	0.000000e+00
-3.567937e+02	0.000000e+00
-3.577713e+02	0.000000e+00
-3.587488e+02	0.000000e+00
-3.597263e+02	0.000000e+00
-3.607038e+02	0.000000e+00
-3.616813e+02	0.000000e+00
-3.626588e+02	0.000000e+00
-3.636364e+02	0.000000e+00
-3.646139e+02	0.000000e+00
-3.655914e+02	0.000000e+00
-3.665689e+02	0.000000e+00
-3.675464e+02	0.000000e+00
-3.685239e+02	0.000000e+00
-3.695015e+02	0.000000e+00
-3.704790e+02	0.000000e+00
-3.714565e+02	0.000000e+00
-3.724340e+02	0.000000e+00
-3.734115e+02	0.000000e+00
-3.743891e+02	0.000000e+00
-3.753666e+02	0.000000e+00
-3.763441e+02	0.000000e+00
-3.773216e+02	0.000000e+00
-3.782991e+02	0.000000e+00
-3.792766e+02	0.000000e+00
-3.802542e+02	0.000000e+00
-3.812317e+02	0.000000e+00
-3.822092e+02	0.000000e+00
-3.831867e+02	0.000000e+00
-3.841642e+02	0.000000e+00
-3.851417e+02	0.000000e+00
-3.861193e+02	0.000000e+00
-3.870968e+02	0.000000e+00
-3.880743e+02	0.000000e+00
-3.890518e+02	0.000000e+00
-3.900293e+02	0.000000e+00
-3.910068e+02	0.000000e+00
-3.919844e+02	0.000000e+00
-3.929619e+02	0.000000e+00
-3.939394e+02	0.000000e+00
-3.949169e+02	0.000000e+00
-3.958944e+02	0.000000e+00
-3.968719e+02	0.000000e+00
-3.978495e+02	0.000000e+00
-3.988270e+02	0.000000e+00
-3.998045e+02	0.000000e+00
-4.007820e+02	0.000000e+00
-4.017595e+02	0.000000e+00
-4.027370e+02	0.000000e+00
-4.037146e+02	0.000000e+00
-4.046921e+02	0.000000e+00
-4.056696e+02	0.000000e+00
-4.066471e+02	0.000000e+00
-4.076246e+02	0.000000e+00
-4.086022e+02	0.000000e+00
-4.095797e+02	0.000000e+00
-4.105572e+02	0.000000e+00
-4.115347e+02	0.000000e+00
-4.125122e+02	0.000000e+00
-4.134897e+02	0.000000e+00
-4.144673e+02	0.000000e+00
-4.154448e+02	0.000000e+00
-4.164223e+02	0.000000e+00
-4.173998e+02	0.000000e+00
-4.183773e+02	0.000000e+00
-4.193548e+02	0.000000e+00
-4.203324e+02	0.000000e+00
-4.213099e+02	0.000000e+00
-4.222874e+02	0.000000e+00
-4.232649e+02	0.000000e+00
-4.242424e+02	0.000000e+00
-4.252199e+02	0.000000e+00
-4.261975e+02	0.000000e+00
-4.271750e+02	0.000000e+00
-4.281525e+02	0.000000e+00
-4.291300e+02	0.000000e+00
-4.301075e+02	0.000000e+00
-4.310850e+02	0.000000e+00
-4.320626e+02	0.000000e+00
-4.330401e+02	0.000000e+00
-4.340176e+02	0.000000e+00
-4.349951e+02	0.000000e+00
-4.359726e+02	0.000000e+00
-4.369501e+02	0.000000e+00
-4.379277e+02	0.000000e+00
-4.389052e+02	0.000000e+00
-4.398827e+02	0.000000e+00
-4.408602e+02	0.000000e+00
-4.418377e+02	0.000000e+00
-4.428152e+02	0.000000e+00
-4.437928e+02	0.000000e+00
-4.447703e+02	0.000000e+00
-4.457478e+02	0.000000e+00
-4.467253e+02	0.000000e+00
-4.477028e+02	0.000000e+00
-4.486804e+02	0.000000e+00
-4.496579e+02	0.000000e+00
-4.506354e+02	0.000000e+00
-4.516129e+02	0.000000e+00
-4.525904e+02	0.000000e+00
-4.535679e+02	0.000000e+00
-4.545455e+02	0.000000e+00
-4.555230e+02	0.000000e+00
-4.565005e+02	0.000000e+00
-4.574780e+02	0.000000e+00
-4.584555e+02	0.000000e+00
-4.594330e+02	0.000000e+00
-4.604106e+02	0.000000e+00
-4.613881e+02	0.000000e+00
-4.623656e+02	0.000000e+00
-4.633431e+02	0.000000e+00
-4.643206e+02	0.000000e+00
-4.652981e+02	0.000000e+00
-4.662757e+02	0.000000e+00
-4.672532e+02	0.000000e+00
-4.682307e+02	0.000000e+00
-4.692082e+02	0.000000e+00
-4.701857e+02	0.000000e+00
-4.711632e+02	0.000000e+00
-4.721408e+02	0.000000e+00
-4.731183e+02	0.000000e+00
-4.740958e+02	0.000000e+00
-4.750733e+02	0.000000e+00
-4.760508e+02	0.000000e+00
-4.770283e+02	0.000000e+00
-4.780059e+02	0.000000e+00
-4.789834e+02	0.000000e+00
-4.799609e+02	0.000000e+00
-4.809384e+02	0.000000e+00
-4.819159e+02	0.000000e+00
-4.828935e+02	0.000000e+00
-4.838710e+02	0.000000e+00
-4.848485e+02	0.000000e+00
-4.858260e+02	0.000000e+00
-4.868035e+02	0.000000e+00
-4.877810e+02	0.000000e+00
-4.887586e+02	0.000000e+00
-4.897361e+02	0.000000e+00
-4.907136e+02	0.000000e+00
-4.916911e+02	0.000000e+00
-4.926686e+02	0.000000e+00
-4.936461e+02	0.000000e+00
-4.946237e+02	0.000000e+00
-4.956012e+02	0.000000e+00
-4.965787e+02	0.000000e+00
-4.975562e+02	0.000000e+00
-4.985337e+02	0.000000e+00
-4.995112e+02	0.000000e+00
-5.004888e+02	0.000000e+00
-5.014663e+02	0.000000e+00
-5.024438e+02	0.000000e+00
-5.034213e+02	0.000000e+00
-5.043988e+02	0.000000e+00
-5.053763e+02	0.000000e+00
-5.063539e+02	0.000000e+00
-5.073314e+02	0.000000e+00
-5.083089e+02	0.000000e+00
-5.092864e+02	0.000000e+00
-5.102639e+02	0.000000e+00
-5.112414e+02	0.000000e+00
-5.122190e+02	0.000000e+00
-5.131965e+02	0.000000e+00
-5.141740e+02	0.000000e+00
-5.151515e+02	0.000000e+00
-5.161290e+02	0.000000e+00
-5.171065e+02	0.000000e+00
-5.180841e+02	0.000000e+00
-5.190616e+02	0.000000e+00
-5.200391e+02	0.000000e+00
-5.210166e+02	0.000000e+00
-5.219941e+02	0.000000e+00
-5.229717e+02	0.000000e+00
-5.239492e+02	0.000000e+00
-5.249267e+02	0.000000e+00
-5.259042e+02	0.000000e+00
-5.268817e+02	0.000000e+00
-5.278592e+02	0.000000e+00
-5.288368e+02	0.000000e+00
-5.298143e+02	0.000000e+00
-5.307918e+02	0.000000e+00
-5.317693e+02	0.000000e+00
-5.327468e+02	0.000000e+00
-5.337243e+02	0.000000e+00
-5.347019e+02	0.000000e+00
-5.356794e+02	0.000000e+00
-5.366569e+02	0.000000e+00
-5.376344e+02	0.000000e+00
-5.386119e+02	0.000000e+00
-5.395894e+02	0.000000e+00
-5.405670e+02	0.000000e+00
-5.415445e+02	0.000000e+00
-5.425220e+02	0.000000e+00
-5.434995e+02	0.000000e+00
-5.444770e+02	0.000000e+00
-5.454545e+02	0.000000e+00
-5.464321e+02	0.000000e+00
-5.474096e+02	0.000000e+00
-5.483871e+02	0.000000e+00
-5.493646e+02	0.000000e+00
-5.503421e+02	0.000000e+00
-5.513196e+02	0.000000e+00
-5.522972e+02	0.000000e+00
-5.532747e+02	0.000000e+00
-5.542522e+02	0.000000e+00
-5.552297e+02	0.000000e+00
-5.562072e+02	0.000000e+00
-5.571848e+02	0.000000e+00
-5.581623e+02	0.000000e+00
-5.591398e+02	0.000000e+00
-5.601173e+02	0.000000e+00
-5.610948e+02	0.000000e+00
-5.620723e+02	0.000000e+00
-5.630499e+02	0.000000e+00
-5.640274e+02	0.000000e+00
-5.650049e+02	0.000000e+00
-5.659824e+02	0.000000e+00
-5.669599e+02	0.000000e+00
-5.679374e+02	0.000000e+00
-5.689150e+02	0.000000e+00
-5.698925e+02	0.000000e+00
-5.708700e+02	0.000000e+00
-5.718475e+02	0.000000e+00
-5.728250e+02	0.000000e+00
-5.738025e+02	0.000000e+00
-5.747801e+02	0.000000e+00
-5.757576e+02	0.000000e+00
-5.767351e+02	0.000000e+00
-5.777126e+02	0.000000e+00
-5.786901e+02	0.000000e+00
-5.796676e+02	0.000000e+00
-5.806452e+02	0.000000e+00
-5.816227e+02	0.000000e+00
-5.826002e+02	0.000000e+00
-5.835777e+02	0.000000e+00
-5.845552e+02	0.000000e+00
-5.855327e+02	0.000000e+00
-5.865103e+02	0.000000e+00
-5.874878e+02	0.000000e+00
-5.884653e+02	0.000000e+00
-5.894428e+02	0.000000e+00
-5.904203e+02	0.000000e+00
-5.913978e+02	0.000000e+00
-5.923754e+02	0.000000e+00
-5.933529e+02	0.000000e+00
-5.943304e+02	0.000000e+00
-5.953079e+02	0.000000e+00
-5.962854e+02	0.000000e+00
-5.972630e+02	0.000000e+00
-5.982405e+02	0.000000e+00
-5.992180e+02	0.000000e+00
-6.001955e+02	0.000000e+00
-6.011730e+02	0.000000e+00
-6.021505e+02	0.000000e+00
-6.031281e+02	0.000000e+00
-6.041056e+02	0.000000e+00
-6.050831e+02	0.000000e+00
-6.060606e+02	0.000000e+00
-6.070381e+02	0.000000e+00
-6.080156e+02	0.000000e+00
-6.089932e+02	0.000000e+00
-6.099707e+02	0.000000e+00
-6.109482e+02	0.000000e+00
-6.119257e+02	0.000000e+00
-6.129032e+02	0.000000e+00
-6.138807e+02	0.000000e+00
-6.148583e+02	0.000000e+00
-6.158358e+02	0.000000e+00
-6.168133e+02	0.000000e+00
-6.177908e+02	0.000000e+00
-6.187683e+02	0.000000e+00
-6.197458e+02	0.000000e+00
-6.207234e+02	0.000000e+00
-6.217009e+02	0.000000e+00
-6.226784e+02	0.000000e+00
-6.236559e+02	0.000000e+00
-6.246334e+02	0.000000e+00
-6.256109e+02	0.000000e+00
-6.265885e+02	0.000000e+00
-6.275660e+02	0.000000e+00
-6.285435e+02	0.000000e+00
-6.295210e+02	0.000000e+00
-6.304985e+02	0.000000e+00
-6.314761e+02	0.000000e+00
-6.324536e+02	0.000000e+00
-6.334311e+02	0.000000e+00
-6.344086e+02	0.000000e+00
-6.353861e+02	0.000000e+00
-6.363636e+02	0.000000e+00
-6.373412e+02	0.000000e+00
-6.383187e+02	0.000000e+00
-6.392962e+02	0.000000e+00
-6.402737e+02	0.000000e+00
-6.412512e+02	0.000000e+00
-6.422287e+02	0.000000e+00
-6.432063e+02	0.000000e+00
-6.441838e+02	0.000000e+00
-6.451613e+02	0.000000e+00
-6.461388e+02	0.000000e+00
-6.471163e+02	0.000000e+00
-6.480938e+02	0.000000e+00
-6.490714e+02	0.000000e+00
-6.500489e+02	0.000000e+00
-6.510264e+02	0.000000e+00
-6.520039e+02	0.000000e+00
-6.529814e+02	0.000000e+00
-6.539589e+02	0.000000e+00
-6.549365e+02	0.000000e+00
-6.559140e+02	0.000000e+00
-6.568915e+02	0.000000e+00
-6.578690e+02	0.000000e+00
-6.588465e+02	0.000000e+00
-6.598240e+02	0.000000e+00
-6.608016e+02	0.000000e+00
-6.617791e+02	0.000000e+00
-6.627566e+02	0.000000e+00
-6.637341e+02	0.000000e+00
-6.647116e+02	0.000000e+00
-6.656891e+02	0.000000e+00
-6.666667e+02	0.000000e+00
-6.676442e+02	0.000000e+00
-6.686217e+02	0.000000e+00
-6.695992e+02	0.000000e+00
-6.705767e+02	0.000000e+00
-6.715543e+02	0.000000e+00
-6.725318e+02	0.000000e+00
-6.735093e+02	0.000000e+00
-6.744868e+02	0.000000e+00
-6.754643e+02	0.000000e+00
-6.764418e+02	0.000000e+00
-6.774194e+02	0.000000e+00
-6.783969e+02	0.000000e+00
-6.793744e+02	0.000000e+00
-6.803519e+02	0.000000e+00
-6.813294e+02	0.000000e+00
-6.823069e+02	0.000000e+00
-6.832845e+02	0.000000e+00
-6.842620e+02	0.000000e+00
-6.852395e+02	0.000000e+00
-6.862170e+02	0.000000e+00
-6.871945e+02	0.000000e+00
-6.881720e+02	0.000000e+00
-6.891496e+02	0.000000e+00
-6.901271e+02	0.000000e+00
-6.911046e+02	0.000000e+00
-6.920821e+02	0.000000e+00
-6.930596e+02	0.000000e+00
-6.940371e+02	0.000000e+00
-6.950147e+02	0.000000e+00
-6.959922e+02	0.000000e+00
-6.969697e+02	0.000000e+00
-6.979472e+02	0.000000e+00
-6.989247e+02	0.000000e+00
-6.999022e+02	0.000000e+00
-7.008798e+02	0.000000e+00
-7.018573e+02	0.000000e+00
-7.028348e+02	0.000000e+00
-7.038123e+02	0.000000e+00
-7.047898e+02	0.000000e+00
-7.057674e+02	0.000000e+00
-7.067449e+02	0.000000e+00
-7.077224e+02	0.000000e+00
-7.086999e+02	0.000000e+00
-7.096774e+02	0.000000e+00
-7.106549e+02	0.000000e+00
-7.116325e+02	0.000000e+00
-7.126100e+02	0.000000e+00
-7.135875e+02	0.000000e+00
-7.145650e+02	0.000000e+00
-7.155425e+02	0.000000e+00
-7.165200e+02	0.000000e+00
-7.174976e+02	0.000000e+00
-7.184751e+02	0.000000e+00
-7.194526e+02	0.000000e+00
-7.204301e+02	0.000000e+00
-7.214076e+02	0.000000e+00
-7.223851e+02	0.000000e+00
-7.233627e+02	0.000000e+00
-7.243402e+02	0.000000e+00
-7.253177e+02	0.000000e+00
-7.262952e+02	0.000000e+00
-7.272727e+02	0.000000e+00
-7.282502e+02	0.000000e+00
-7.292278e+02	0.000000e+00
-7.302053e+02	0.000000e+00
-7.311828e+02	0.000000e+00
-7.321603e+02	0.000000e+00
-7.331378e+02	0.000000e+00
-7.341153e+02	0.000000e+00
-7.350929e+02	0.000000e+00
-7.360704e+02	0.000000e+00
-7.370479e+02	0.000000e+00
-7.380254e+02	0.000000e+00
-7.390029e+02	0.000000e+00
-7.399804e+02	0.000000e+00
-7.409580e+02	0.000000e+00
-7.419355e+02	0.000000e+00
-7.429130e+02	0.000000e+00
-7.438905e+02	0.000000e+00
-7.448680e+02	0.000000e+00
-7.458456e+02	0.000000e+00
-7.468231e+02	0.000000e+00
-7.478006e+02	0.000000e+00
-7.487781e+02	0.000000e+00
-7.497556e+02	0.000000e+00
-7.507331e+02	0.000000e+00
-7.517107e+02	0.000000e+00
-7.526882e+02	0.000000e+00
-7.536657e+02	0.000000e+00
-7.546432e+02	0.000000e+00
-7.556207e+02	0.000000e+00
-7.565982e+02	0.000000e+00
-7.575758e+02	0.000000e+00
-7.585533e+02	0.000000e+00
-7.595308e+02	0.000000e+00
-7.605083e+02	0.000000e+00
-7.614858e+02	0.000000e+00
-7.624633e+02	0.000000e+00
-7.634409e+02	0.000000e+00
-7.644184e+02	0.000000e+00
-7.653959e+02	0.000000e+00
-7.663734e+02	0.000000e+00
-7.673509e+02	0.000000e+00
-7.683284e+02	0.000000e+00
-7.693060e+02	0.000000e+00
-7.702835e+02	0.000000e+00
-7.712610e+02	0.000000e+00
-7.722385e+02	0.000000e+00
-7.732160e+02	0.000000e+00
-7.741935e+02	0.000000e+00
-7.751711e+02	0.000000e+00
-7.761486e+02	0.000000e+00
-7.771261e+02	0.000000e+00
-7.781036e+02	0.000000e+00
-7.790811e+02	0.000000e+00
-7.800587e+02	0.000000e+00
-7.810362e+02	0.000000e+00
-7.820137e+02	0.000000e+00
-7.829912e+02	0.000000e+00
-7.839687e+02	0.000000e+00
-7.849462e+02	0.000000e+00
-7.859238e+02	0.000000e+00
-7.869013e+02	0.000000e+00
-7.878788e+02	0.000000e+00
-7.888563e+02	0.000000e+00
-7.898338e+02	0.000000e+00
-7.908113e+02	0.000000e+00
-7.917889e+02	0.000000e+00
-7.927664e+02	0.000000e+00
-7.937439e+02	0.000000e+00
-7.947214e+02	0.000000e+00
-7.956989e+02	0.000000e+00
-7.966764e+02	0.000000e+00
-7.976540e+02	0.000000e+00
-7.986315e+02	0.000000e+00
-7.996090e+02	0.000000e+00
-8.005865e+02	0.000000e+00
-8.015640e+02	0.000000e+00
-8.025415e+02	0.000000e+00
-8.035191e+02	0.000000e+00
-8.044966e+02	0.000000e+00
-8.054741e+02	0.000000e+00
-8.064516e+02	0.000000e+00
-8.074291e+02	0.000000e+00
-8.084066e+02	0.000000e+00
-8.093842e+02	0.000000e+00
-8.103617e+02	0.000000e+00
-8.113392e+02	0.000000e+00
-8.123167e+02	0.000000e+00
-8.132942e+02	0.000000e+00
-8.142717e+02	0.000000e+00
-8.152493e+02	0.000000e+00
-8.162268e+02	0.000000e+00
-8.172043e+02	0.000000e+00
-8.181818e+02	0.000000e+00
-8.191593e+02	0.000000e+00
-8.201369e+02	0.000000e+00
-8.211144e+02	0.000000e+00
-8.220919e+02	0.000000e+00
-8.230694e+02	0.000000e+00
-8.240469e+02	0.000000e+00
-8.250244e+02	0.000000e+00
-8.260020e+02	0.000000e+00
-8.269795e+02	0.000000e+00
-8.279570e+02	0.000000e+00
-8.289345e+02	0.000000e+00
-8.299120e+02	0.000000e+00
-8.308895e+02	0.000000e+00
-8.318671e+02	0.000000e+00
-8.328446e+02	0.000000e+00
-8.338221e+02	0.000000e+00
-8.347996e+02	0.000000e+00
-8.357771e+02	0.000000e+00
-8.367546e+02	0.000000e+00
-8.377322e+02	0.000000e+00
-8.387097e+02	0.000000e+00
-8.396872e+02	0.000000e+00
-8.406647e+02	0.000000e+00
-8.416422e+02	0.000000e+00
-8.426197e+02	0.000000e+00
-8.435973e+02	0.000000e+00
-8.445748e+02	0.000000e+00
-8.455523e+02	0.000000e+00
-8.465298e+02	0.000000e+00
-8.475073e+02	0.000000e+00
-8.484848e+02	0.000000e+00
-8.494624e+02	0.000000e+00
-8.504399e+02	0.000000e+00
-8.514174e+02	0.000000e+00
-8.523949e+02	0.000000e+00
-8.533724e+02	0.000000e+00
-8.543500e+02	0.000000e+00
-8.553275e+02	0.000000e+00
-8.563050e+02	0.000000e+00
-8.572825e+02	0.000000e+00
-8.582600e+02	0.000000e+00
-8.592375e+02	0.000000e+00
-8.602151e+02	0.000000e+00
-8.611926e+02	0.000000e+00
-8.621701e+02	0.000000e+00
-8.631476e+02	0.000000e+00
-8.641251e+02	0.000000e+00
-8.651026e+02	0.000000e+00
-8.660802e+02	0.000000e+00
-8.670577e+02	0.000000e+00
-8.680352e+02	0.000000e+00
-8.690127e+02	0.000000e+00
-8.699902e+02	0.000000e+00
-8.709677e+02	0.000000e+00
-8.719453e+02	0.000000e+00
-8.729228e+02	0.000000e+00
-8.739003e+02	0.000000e+00
-8.748778e+02	0.000000e+00
-8.758553e+02	0.000000e+00
-8.768328e+02	0.000000e+00
-8.778104e+02	0.000000e+00
-8.787879e+02	0.000000e+00
-8.797654e+02	0.000000e+00
-8.807429e+02	0.000000e+00
-8.817204e+02	0.000000e+00
-8.826979e+02	0.000000e+00
-8.836755e+02	0.000000e+00
-8.846530e+02	0.000000e+00
-8.856305e+02	0.000000e+00
-8.866080e+02	0.000000e+00
-8.875855e+02	0.000000e+00
-8.885630e+02	0.000000e+00
-8.895406e+02	0.000000e+00
-8.905181e+02	0.000000e+00
-8.914956e+02	0.000000e+00
-8.924731e+02	0.000000e+00
-8.934506e+02	0.000000e+00
-8.944282e+02	0.000000e+00
-8.954057e+02	0.000000e+00
-8.963832e+02	0.000000e+00
-8.973607e+02	0.000000e+00
-8.983382e+02	0.000000e+00
-8.993157e+02	0.000000e+00
-9.002933e+02	0.000000e+00
-9.012708e+02	0.000000e+00
-9.022483e+02	0.000000e+00
-9.032258e+02	0.000000e+00
-9.042033e+02	0.000000e+00
-9.051808e+02	0.000000e+00
-9.061584e+02	0.000000e+00
-9.071359e+02	0.000000e+00
-9.081134e+02	0.000000e+00
-9.090909e+02	0.000000e+00
-9.100684e+02	0.000000e+00
-9.110459e+02	0.000000e+00
-9.120235e+02	0.000000e+00
-9.130010e+02	0.000000e+00
-9.139785e+02	0.000000e+00
-9.149560e+02	0.000000e+00
-9.159335e+02	0.000000e+00
-9.169110e+02	0.000000e+00
-9.178886e+02	0.000000e+00
-9.188661e+02	0.000000e+00
-9.198436e+02	0.000000e+00
-9.208211e+02	0.000000e+00
-9.217986e+02	0.000000e+00
-9.227761e+02	0.000000e+00
-9.237537e+02	0.000000e+00
-9.247312e+02	0.000000e+00
-9.257087e+02	0.000000e+00
-9.266862e+02	0.000000e+00
-9.276637e+02	0.000000e+00
-9.286413e+02	0.000000e+00
-9.296188e+02	0.000000e+00
-9.305963e+02	0.000000e+00
-9.315738e+02	0.000000e+00
-9.325513e+02	0.000000e+00
-9.335288e+02	0.000000e+00
-9.345064e+02	0.000000e+00
-9.354839e+02	0.000000e+00
-9.364614e+02	0.000000e+00
-9.374389e+02	0.000000e+00
-9.384164e+02	0.000000e+00
-9.393939e+02	0.000000e+00
-9.403715e+02	0.000000e+00
-9.413490e+02	0.000000e+00
-9.423265e+02	0.000000e+00
-9.433040e+02	0.000000e+00
-9.442815e+02	0.000000e+00
-9.452590e+02	0.000000e+00
-9.462366e+02	0.000000e+00
-9.472141e+02	0.000000e+00
-9.481916e+02	0.000000e+00
-9.491691e+02	0.000000e+00
-9.501466e+02	0.000000e+00
-9.511241e+02	0.000000e+00
-9.521017e+02	0.000000e+00
-9.530792e+02	0.000000e+00
-9.540567e+02	0.000000e+00
-9.550342e+02	0.000000e+00
-9.560117e+02	0.000000e+00
-9.569892e+02	0.000000e+00
-9.579668e+02	0.000000e+00
-9.589443e+02	0.000000e+00
-9.599218e+02	0.000000e+00
-9.608993e+02	0.000000e+00
-9.618768e+02	0.000000e+00
-9.628543e+02	0.000000e+00
-9.638319e+02	0.000000e+00
-9.648094e+02	0.000000e+00
-9.657869e+02	0.000000e+00
-9.667644e+02	0.000000e+00
-9.677419e+02	0.000000e+00
-9.687195e+02	0.000000e+00
-9.696970e+02	0.000000e+00
-9.706745e+02	0.000000e+00
-9.716520e+02	0.000000e+00
-9.726295e+02	0.000000e+00
-9.736070e+02	0.000000e+00
-9.745846e+02	0.000000e+00
-9.755621e+02	0.000000e+00
-9.765396e+02	0.000000e+00
-9.775171e+02	0.000000e+00
-9.784946e+02	0.000000e+00
-9.794721e+02	0.000000e+00
-9.804497e+02	0.000000e+00
-9.814272e+02	0.000000e+00
-9.824047e+02	0.000000e+00
-9.833822e+02	0.000000e+00
-9.843597e+02	0.000000e+00
-9.853372e+02	0.000000e+00
-9.863148e+02	0.000000e+00
-9.872923e+02	0.000000e+00
-9.882698e+02	0.000000e+00
-9.892473e+02	0.000000e+00
-9.902248e+02	0.000000e+00
-9.912023e+02	0.000000e+00
-9.921799e+02	0.000000e+00
-9.931574e+02	0.000000e+00
-9.941349e+02	0.000000e+00
-9.951124e+02	0.000000e+00
-9.960899e+02	0.000000e+00
-9.970674e+02	0.000000e+00
-9.980450e+02	0.000000e+00
-9.990225e+02	0.000000e+00
-1.000000e+03	0.000000e+00
