100.37705134745865 2.865038914691274
97.14553775481393 0.40287262099599697
98.67294312908984 0.5999393298233178
94.68869016586625 0.3263845466699998
90.3734761696735 0.27016292645935236
87.91656122762437 0.24199199733449245
86.0950640027846 0.2374625256097864
83.77076063871576 0.24438180546028734
81.8691290186996 0.25196028648738233
79.31366776909601 0.23390714757005793
77.7480393700371 0.24104430155793816
75.2979252112911 0.22798006711197535
73.47631582434445 0.22529665249346265
71.44678262943826 0.2131406480211593
70.56867291545662 0.22508710299818635
69.37304944606187 0.21517386581281295
68.8213790134201 0.2230640857753261
68.17768534599206 0.2195690366974084
67.81318894386808 0.22026344188677122
67.53108621286107 0.2259228876557603
68.66312641419755 0.228287485036186
73.69811037020288 0.22273420673920785
78.0830738919195 0.2578093469194517
67.46337430066139 0.22090385678140442
67.57842087844321 0.21965765697974307
67.23775409246761 0.2143234863257694
67.1782058467553 0.24700887932546473
67.20464693152121 0.215252805927863
67.46337430066139 0.21936685227919525
67.55727672482898 0.21317563768497894
97.38049261155587 0.3765992965060845
93.86428028339236 0.33423459578443016
