94.76704077505302 0.3177958427711364
90.33181714670764 0.29338561424778686
100.42491503831532 5.544471368463467
88.23233285707536 0.24975365819688655
83.99373917138759 0.23342343913565253
68.96375033862381 0.2097913893644954
66.46951734319269 0.21823005410793925
75.13700602019605 0.21713839771166699
65.1941031564081 0.2252639014740336
63.07223524392596 0.2233529353608161
55.068024403058686 0.22106651886499973
50.46648479988702 0.22118838435716298
48.07407509591647 0.22021228454810757
44.67752233760369 0.23187210667422314
31.483822726670123 0.29559517622106657
